Listening to port 4567
Connected!!!
measurement_type: 1
rho: 0.435548
phi: 1.08911
rho_dot: -2.68215
EKF init: 0.201778
0.385989
-1.24257
-2.37696
Initial X is 0.201778
0.385989
-1.24257
-2.37696
Initial P is  10   0   0   0
  0  10   0   0
  0   0 100   0
  0   0   0 100
Initial Q is 1.40625e-05           0   0.0005625           0
          0 1.40625e-05           0   0.0005625
  0.0005625           0      0.0225           0
          0   0.0005625           0      0.0225
Predicted X is  0.13965
0.267141
-1.24257
-2.37696
Predicted P is   10.25       0 5.00056       0
      0   10.25       0 5.00056
5.00056       0 100.023       0
      0 5.00056       0 100.023
x_ = 0.218792
0.685228
-1.20396
-2.17299
P_ = 0.0224507         0 0.0109528         0
        0 0.0224507         0 0.0109528
0.0109528         0   97.5883         0
        0 0.0109528         0   97.5883
Initial X is 0.218792
0.685228
-1.20396
-2.17299
Initial P is 0.0224507         0 0.0109528         0
        0 0.0224507         0 0.0109528
0.0109528         0   97.5883         0
        0 0.0109528         0   97.5883
Initial Q is 1.40625e-05           0   0.0005625           0
          0 1.40625e-05           0   0.0005625
  0.0005625           0      0.0225           0
          0   0.0005625           0      0.0225
Predicted X is 0.158594
0.576579
-1.20396
-2.17299
Predicted P is 0.267531        0  4.89093        0
       0 0.267531        0  4.89093
 4.89093        0  97.6108        0
       0  4.89093        0  97.6108
Kalman Gain is 0.0535349 -0.582071 0.0105934
 0.194103  0.135896 0.0385515
0.0130999  -10.6825  0.264253
0.0380036   2.33458  0.961412
x_ = -0.0613073
  0.746768
  -4.91392
    2.0662
P_ =   0.00157987   0.00456252   0.00585604 -0.000304355
  0.00456252    0.0168631 -0.000387986   0.00363107
  0.00585604 -0.000387986      7.72871     -2.09537
-0.000304355   0.00363107     -2.09537     0.664822
Initial X is -0.0613073
  0.746768
  -4.91392
    2.0662
Initial P is   0.00157987   0.00456252   0.00585604 -0.000304355
  0.00456252    0.0168631 -0.000387986   0.00363107
  0.00585604 -0.000387986      7.72871     -2.09537
-0.000304355   0.00363107     -2.09537     0.664822
Initial Q is 1.40625e-05           0   0.0005625           0
          0 1.40625e-05           0   0.0005625
  0.0005625           0      0.0225           0
          0   0.0005625           0      0.0225
Predicted X is -0.307004
 0.850079
 -4.91392
   2.0662
Predicted P is    0.0215013 -0.000710522     0.392854    -0.105073
-0.000710522    0.0189023    -0.105157    0.0374347
    0.392854    -0.105157      7.75121     -2.09537
   -0.105073    0.0374347     -2.09537     0.687322
x_ = -0.304258
 0.716418
 -4.21161
   1.8125
P_ =    0.0109915 -0.000197503     0.200018   -0.0534152
-0.000197503     0.010269   -0.0537145    0.0194271
    0.200018   -0.0537145      4.00782     -1.07194
  -0.0534152    0.0194271     -1.07194     0.405556
Initial X is -0.304258
 0.716418
 -4.21161
   1.8125
Initial P is    0.0109915 -0.000197503     0.200018   -0.0534152
-0.000197503     0.010269   -0.0537145    0.0194271
    0.200018   -0.0537145      4.00782     -1.07194
  -0.0534152    0.0194271     -1.07194     0.405556
Initial Q is 1.40625e-05           0   0.0005625           0
          0 1.40625e-05           0   0.0005625
  0.0005625           0      0.0225           0
          0   0.0005625           0      0.0225
Predicted X is -0.514838
 0.807043
 -4.21161
   1.8125
Predicted P is   0.0410269 -0.00823383    0.400971   -0.107012
-0.00823383   0.0132397   -0.107311   0.0402674
   0.400971   -0.107311     4.03032    -1.07194
  -0.107012   0.0402674    -1.07194    0.428056
Kalman Gain is  -0.019634  -0.348091 -0.0730895
 0.0423666  -0.994348  0.0956132
 -0.265172  -0.797371  -0.916598
-0.0070293   -1.88872   0.435206
x_ = -0.592072
 0.512449
 -4.21504
  1.25691
P_ =  0.00120319 -0.00132846   0.0134144  0.00171209
-0.00132846  0.00367532  -0.0197506 0.000341796
  0.0134144  -0.0197506    0.209106   0.0377375
 0.00171209 0.000341796   0.0377375   0.0757275
Initial X is -0.592072
 0.512449
 -4.21504
  1.25691
Initial P is  0.00120319 -0.00132846   0.0134144  0.00171209
-0.00132846  0.00367532  -0.0197506 0.000341796
  0.0134144  -0.0197506    0.209106   0.0377375
 0.00171209 0.000341796   0.0377375   0.0757275
Initial Q is 1.40625e-05           0   0.0005625           0
          0 1.40625e-05           0   0.0005625
  0.0005625           0      0.0225           0
          0   0.0005625           0      0.0225
Predicted X is -0.802824
 0.575294
 -4.21504
  1.25691
Predicted P is  0.00308146 -0.00213604   0.0244322  0.00359897
-0.00213604  0.00391289  -0.0178638  0.00469067
  0.0244322  -0.0178638    0.231606   0.0377375
 0.00359897  0.00469067   0.0377375   0.0982275
x_ = -0.810808
 0.572766
 -4.27526
  1.22377
P_ = 0.00257573 -0.0016113   0.020356 0.00352289
-0.0016113 0.00320291 -0.0135712 0.00428068
  0.020356 -0.0135712   0.198727  0.0373107
0.00352289 0.00428068  0.0373107  0.0967716
Initial X is -0.810808
 0.572766
 -4.27526
  1.22377
Initial P is 0.00257573 -0.0016113   0.020356 0.00352289
-0.0016113 0.00320291 -0.0135712 0.00428068
  0.020356 -0.0135712   0.198727  0.0373107
0.00352289 0.00428068  0.0373107  0.0967716
Initial Q is 1.40625e-05           0   0.0005625           0
          0 1.40625e-05           0   0.0005625
  0.0005625           0      0.0225           0
          0   0.0005625           0      0.0225
Predicted X is -1.02457
0.633955
-4.27526
 1.22377
Predicted P is  0.00512221 -0.00202043   0.0308548  0.00538842
-0.00202043  0.00388697  -0.0117056  0.00968176
  0.0308548  -0.0117056    0.221227   0.0373107
 0.00538842  0.00968176   0.0373107    0.119272
Kalman Gain is -0.0307015  -0.261362 -0.0920739
 0.0214838  -0.756028   0.053488
 -0.149943   -1.62608  -0.669315
-0.0360052   -3.64899   0.106767
x_ =  -1.0452
0.612764
 -4.4193
 1.10808
P_ =  0.00249883 -0.00121288   0.0124036  0.00483759
-0.00121288  0.00171452 -0.00560122  0.00165974
  0.0124036 -0.00560122   0.0908986   0.0357847
 0.00483759  0.00165974   0.0357847    0.083641
Initial X is  -1.0452
0.612764
 -4.4193
 1.10808
Initial P is  0.00249883 -0.00121288   0.0124036  0.00483759
-0.00121288  0.00171452 -0.00560122  0.00165974
  0.0124036 -0.00560122   0.0908986   0.0357847
 0.00483759  0.00165974   0.0357847    0.083641
Initial Q is 1.40625e-05           0   0.0005625           0
          0 1.40625e-05           0   0.0005625
  0.0005625           0      0.0225           0
          0   0.0005625           0      0.0225
Predicted X is -1.26616
0.668168
 -4.4193
 1.10808
Predicted P is  0.00398049  -0.0011616    0.017511  0.00662683
 -0.0011616  0.00210366 -0.00381198  0.00640429
   0.017511 -0.00381198    0.113399   0.0357847
 0.00662683  0.00640429   0.0357847    0.106141
x_ = -1.25469
0.657494
-4.37421
 1.09257
P_ =   0.00334248 -0.000904474    0.0147564   0.00589983
-0.000904474   0.00188109  -0.00278937   0.00613526
   0.0147564  -0.00278937     0.101442    0.0322325
  0.00589983   0.00613526    0.0322325     0.102657
Initial X is -1.25469
0.657494
-4.37421
 1.09257
Initial P is   0.00334248 -0.000904474    0.0147564   0.00589983
-0.000904474   0.00188109  -0.00278937   0.00613526
   0.0147564  -0.00278937     0.101442    0.0322325
  0.00589983   0.00613526    0.0322325     0.102657
Initial Q is 1.40625e-05           0   0.0005625           0
          0 1.40625e-05           0   0.0005625
  0.0005625           0      0.0225           0
          0   0.0005625           0      0.0225
Predicted X is  -1.4734
0.712122
-4.37421
 1.09257
Predicted P is   0.00508579 -0.000668369     0.020391   0.00751146
-0.000668369   0.00276532  -0.00117774    0.0118306
    0.020391  -0.00117774     0.123942    0.0322325
  0.00751146    0.0118306    0.0322325     0.125157
Kalman Gain is -0.0363247  -0.450638 -0.0770745
 0.0159848  -0.733685  0.0305008
 -0.103132   -2.08887  -0.508634
-0.0252411    -4.5749   0.130881
x_ = -1.46855
0.669508
-4.33096
0.865739
P_ =   0.00323228 -0.000825055   0.00969579   0.00497744
-0.000825055   0.00159894  -0.00126912   0.00507805
  0.00969579  -0.00126912    0.0601641    0.0232586
  0.00497744   0.00507805    0.0232586    0.0838945
Initial X is -1.46855
0.669508
-4.33096
0.865739
Initial P is   0.00323228 -0.000825055   0.00969579   0.00497744
-0.000825055   0.00159894  -0.00126912   0.00507805
  0.00969579  -0.00126912    0.0601641    0.0232586
  0.00497744   0.00507805    0.0232586    0.0838945
Initial Q is 1.40625e-05           0   0.0005625           0
          0 1.40625e-05           0   0.0005625
  0.0005625           0      0.0225           0
          0   0.0005625           0      0.0225
Predicted X is  -1.6851
0.712795
-4.33096
0.865739
Predicted P is   0.00436633 -0.000581493    0.0132665   0.00614037
-0.000581493   0.00233055 -0.000106194   0.00983528
   0.0132665 -0.000106194    0.0826641    0.0232586
  0.00614037   0.00983528    0.0232586     0.106395
x_ = -1.64795
0.700508
-4.22349
0.883285
P_ =   0.00364715 -0.000441504     0.011114   0.00533803
-0.000441504   0.00210147  0.000164045   0.00903716
    0.011114  0.000164045    0.0761119    0.0201538
  0.00533803   0.00903716    0.0201538     0.100987
Initial X is -1.64795
0.700508
-4.22349
0.883285
Initial P is   0.00364715 -0.000441504     0.011114   0.00533803
-0.000441504   0.00210147  0.000164045   0.00903716
    0.011114  0.000164045    0.0761119    0.0201538
  0.00533803   0.00903716    0.0201538     0.100987
Initial Q is 1.40625e-05           0   0.0005625           0
          0 1.40625e-05           0   0.0005625
  0.0005625           0      0.0225           0
          0   0.0005625           0      0.0225
Predicted X is -1.85912
0.744672
-4.22349
0.883285
Predicted P is   0.00496289 -0.000116016    0.0154821   0.00634572
-0.000116016   0.00327171   0.00117174     0.014649
   0.0154821   0.00117174    0.0986119    0.0201538
  0.00634572     0.014649    0.0201538     0.123487
Kalman Gain is -0.0388523  -0.457229 -0.0657852
 0.0133402  -0.864496  0.0212357
-0.0782152   -1.70923  -0.470257
-0.0118755   -4.60971   0.141408
x_ = -1.89934
0.697221
-4.44688
0.650213
P_ =   0.00355243 -0.000535142   0.00768018   0.00408161
-0.000535142   0.00189291  0.000242444   0.00731561
  0.00768018  0.000242444    0.0509503     0.016482
  0.00408161   0.00731561     0.016482    0.0837488
Initial X is -1.89934
0.697221
-4.44688
0.650213
Initial P is   0.00355243 -0.000535142   0.00768018   0.00408161
-0.000535142   0.00189291  0.000242444   0.00731561
  0.00768018  0.000242444    0.0509503     0.016482
  0.00408161   0.00731561     0.016482    0.0837488
Initial Q is 1.40625e-05           0   0.0005625           0
          0 1.40625e-05           0   0.0005625
  0.0005625           0      0.0225           0
          0   0.0005625           0      0.0225
Predicted X is -2.12168
0.729731
-4.44688
0.650213
Predicted P is   0.00446189 -0.000277734    0.0107902   0.00490571
-0.000277734   0.00284791   0.00106654    0.0120656
   0.0107902   0.00106654    0.0734503     0.016482
  0.00490571    0.0120656     0.016482     0.106249
x_ = -2.14916
0.737699
-4.50948
0.647355
P_ =   0.00372137 -0.000205755   0.00901531   0.00420467
-0.000205755   0.00252568   0.00104549     0.010756
  0.00901531   0.00104549    0.0690773    0.0139557
  0.00420467     0.010756    0.0139557    0.0995642
Initial X is -2.14916
0.737699
-4.50948
0.647355
Initial P is   0.00372137 -0.000205755   0.00901531   0.00420467
-0.000205755   0.00252568   0.00104549     0.010756
  0.00901531   0.00104549    0.0690773    0.0139557
  0.00420467     0.010756    0.0139557    0.0995642
Initial Q is 1.40625e-05           0   0.0005625           0
          0 1.40625e-05           0   0.0005625
  0.0005625           0      0.0225           0
          0   0.0005625           0      0.0225
Predicted X is -2.37463
0.770067
-4.50948
0.647355
Predicted P is 0.00480966 9.1642e-05  0.0130317 0.00490245
9.1642e-05 0.00386426 0.00174328  0.0162967
 0.0130317 0.00174328  0.0915773  0.0139557
0.00490245  0.0162967  0.0139557   0.122064
Kalman Gain is    -0.04011   -0.382154  -0.0605106
  0.0113033   -0.967962   0.0148804
 -0.0662325    -1.29744   -0.469999
-0.00439571    -4.46071    0.122433
x_ =  -2.43782
 0.648372
 -4.77228
0.0943087
P_ =   0.00369871 -0.000296832   0.00656943   0.00346786
-0.000296832   0.00238251  0.000934049   0.00941125
  0.00656943  0.000934049    0.0480931    0.0141115
  0.00346786   0.00941125    0.0141115    0.0893256
Initial X is  -2.43782
 0.648372
 -4.77228
0.0943087
Initial P is   0.00369871 -0.000296832   0.00656943   0.00346786
-0.000296832   0.00238251  0.000934049   0.00941125
  0.00656943  0.000934049    0.0480931    0.0141115
  0.00346786   0.00941125    0.0141115    0.0893256
Initial Q is 1.40625e-05           0   0.0005625           0
          0 1.40625e-05           0   0.0005625
  0.0005625           0      0.0225           0
          0   0.0005625           0      0.0225
Predicted X is  -2.67644
 0.653087
 -4.77228
0.0943087
Predicted P is   0.00448995 -4.14579e-05   0.00953658   0.00417343
-4.14579e-05   0.00356101   0.00163962      0.01444
  0.00953658   0.00163962    0.0705931    0.0141115
  0.00417343      0.01444    0.0141115     0.111826
x_ = -2.68848
0.679709
  -4.785
0.190912
P_ =   0.00374297 -2.98387e-05    0.0079523   0.00349832
-2.98387e-05   0.00307438   0.00142823    0.0124725
   0.0079523   0.00142823    0.0671184    0.0117198
  0.00349832    0.0124725    0.0117198     0.103172
Initial X is -2.68848
0.679709
  -4.785
0.190912
Initial P is   0.00374297 -2.98387e-05    0.0079523   0.00349832
-2.98387e-05   0.00307438   0.00142823    0.0124725
   0.0079523   0.00142823    0.0671184    0.0117198
  0.00349832    0.0124725    0.0117198     0.103172
Initial Q is 1.40625e-05           0   0.0005625           0
          0 1.40625e-05           0   0.0005625
  0.0005625           0      0.0225           0
          0   0.0005625           0      0.0225
Predicted X is -2.92773
0.689255
  -4.785
0.190912
Predicted P is  0.00472006 0.000245788   0.0118707  0.00408431
0.000245788  0.00459363  0.00201422   0.0181936
  0.0118707  0.00201422   0.0896184   0.0117198
 0.00408431   0.0181936   0.0117198    0.125672
Kalman Gain is  -0.0409306   -0.283204  -0.0588567
 0.00864625    -1.06318  0.00761855
 -0.0611599   -0.900146   -0.479323
-0.00343722    -4.39574   0.0807382
x_ = -2.95053
0.696072
 -4.7682
0.183366
P_ =   0.00376141 -9.79316e-05    0.0059163   0.00302792
-9.79316e-05   0.00297976   0.00111047    0.0115117
   0.0059163   0.00111047     0.046334    0.0117814
  0.00302792    0.0115117    0.0117814     0.097475
Initial X is -2.95053
0.696072
 -4.7682
0.183366
Initial P is   0.00376141 -9.79316e-05    0.0059163   0.00302792
-9.79316e-05   0.00297976   0.00111047    0.0115117
   0.0059163   0.00111047     0.046334    0.0117814
  0.00302792    0.0115117    0.0117814     0.097475
Initial Q is 1.40625e-05           0   0.0005625           0
          0 1.40625e-05           0   0.0005625
  0.0005625           0      0.0225           0
          0   0.0005625           0      0.0225
Predicted X is -3.18894
 0.70524
 -4.7682
0.183366
Predicted P is  0.00448294 0.000138442   0.0087955  0.00361699
0.000138442  0.00438868  0.00169954   0.0169479
  0.0087955  0.00169954    0.068834   0.0117814
 0.00361699   0.0169479   0.0117814    0.119975
x_ =  -3.2081
0.733418
-4.79642
0.278384
P_ =  0.00373765 9.66017e-05  0.00732711  0.00294338
9.66017e-05  0.00367188  0.00138442   0.0141666
 0.00732711  0.00138442   0.0658652  0.00956073
 0.00294338   0.0141666  0.00956073    0.108831
Initial X is  -3.2081
0.733418
-4.79642
0.278384
Initial P is  0.00373765 9.66017e-05  0.00732711  0.00294338
9.66017e-05  0.00367188  0.00138442   0.0141666
 0.00732711  0.00138442   0.0658652  0.00956073
 0.00294338   0.0141666  0.00956073    0.108831
Initial Q is 1.40625e-05           0   0.0005625           0
          0 1.40625e-05           0   0.0005625
  0.0005625           0      0.0225           0
          0   0.0005625           0      0.0225
Predicted X is -3.44792
0.747337
-4.79642
0.278384
Predicted P is  0.00464908 0.000336894   0.0111829  0.00342142
0.000336894  0.00537468  0.00186246   0.0201707
  0.0111829  0.00186246   0.0883652  0.00956073
 0.00342142   0.0201707  0.00956073    0.131331
Kalman Gain is -0.0408825  -0.265514 -0.0565611
0.00811825   -1.12782 0.00871894
-0.0578119  -0.790819  -0.478261
0.00222518   -4.33875  0.0865551
x_ = -3.45552
0.703371
-4.80526
0.106937
P_ =  0.00377451 4.45106e-05  0.00561691  0.00272254
4.45106e-05  0.00365453  0.00135185   0.0135061
 0.00561691  0.00135185   0.0460607   0.0118085
 0.00272254   0.0135061   0.0118085    0.104968
Initial X is -3.45552
0.703371
-4.80526
0.106937
Initial P is  0.00377451 4.45106e-05  0.00561691  0.00272254
4.45106e-05  0.00365453  0.00135185   0.0135061
 0.00561691  0.00135185   0.0460607   0.0118085
 0.00272254   0.0135061   0.0118085    0.104968
Initial Q is 1.40625e-05           0   0.0005625           0
          0 1.40625e-05           0   0.0005625
  0.0005625           0      0.0225           0
          0   0.0005625           0      0.0225
Predicted X is -3.69578
0.708718
-4.80526
0.106937
Predicted P is  0.00446542 0.000277751  0.00848244  0.00331296
0.000277751  0.00528163  0.00194227   0.0193171
 0.00848244  0.00194227   0.0685607   0.0118085
 0.00331296   0.0193171   0.0118085    0.127468
x_ = -3.70956
0.649544
 -4.8471
-0.11499
P_ =  0.00372402 0.000187716  0.00706229  0.00260347
0.000187716  0.00427565  0.00150241   0.0156186
 0.00706229  0.00150241   0.0657685  0.00947871
 0.00260347   0.0156186  0.00947871    0.113676
Initial X is -3.70956
0.649544
 -4.8471
-0.11499
Initial P is  0.00372402 0.000187716  0.00706229  0.00260347
0.000187716  0.00427565  0.00150241   0.0156186
 0.00706229  0.00150241   0.0657685  0.00947871
 0.00260347   0.0156186  0.00947871    0.113676
Initial Q is 1.40625e-05           0   0.0005625           0
          0 1.40625e-05           0   0.0005625
  0.0005625           0      0.0225           0
          0   0.0005625           0      0.0225
Predicted X is -3.95191
0.643794
 -4.8471
-0.11499
Predicted P is  0.00460873 0.000416706   0.0109132   0.0030774
0.000416706  0.00613577  0.00197635   0.0218649
  0.0109132  0.00197635   0.0882685  0.00947871
  0.0030774   0.0218649  0.00947871    0.136176
Kalman Gain is -0.0410788  -0.205686  -0.056702
0.00620503   -1.18794 0.00327352
-0.0569561  -0.576091  -0.484082
0.00104718   -4.29396  0.0520848
x_ =  -3.94868
 0.685946
 -4.90089
0.0470457
P_ =  0.00376817 0.000137121  0.00539315  0.00239497
0.000137121  0.00431495  0.00122479   0.0152876
 0.00539315  0.00122479   0.0453046   0.0100173
 0.00239497   0.0152876   0.0100173    0.112105
Initial X is  -3.94868
 0.685946
 -4.90089
0.0470457
Initial P is  0.00376817 0.000137121  0.00539315  0.00239497
0.000137121  0.00431495  0.00122479   0.0152876
 0.00539315  0.00122479   0.0453046   0.0100173
 0.00239497   0.0152876   0.0100173    0.112105
Initial Q is 1.40625e-05           0   0.0005625           0
          0 1.40625e-05           0   0.0005625
  0.0005625           0      0.0225           0
          0   0.0005625           0      0.0225
Predicted X is  -4.19372
 0.688298
 -4.90089
0.0470457
Predicted P is  0.00443481 0.000343153  0.00822087  0.00289583
0.000343153  0.00613803  0.00172565   0.0214553
 0.00822087  0.00172565   0.0678046   0.0100173
 0.00289583   0.0214553   0.0100173    0.134605
x_ =  -4.23542
 0.632345
 -4.98759
-0.163354
P_ =  0.00370175 0.000225248  0.00685108  0.00220461
0.000225248  0.00481976   0.0012737   0.0168303
 0.00685108   0.0012737   0.0652037  0.00792096
 0.00220461   0.0168303  0.00792096    0.118272
Initial X is  -4.23542
 0.632345
 -4.98759
-0.163354
Initial P is  0.00370175 0.000225248  0.00685108  0.00220461
0.000225248  0.00481976   0.0012737   0.0168303
 0.00685108   0.0012737   0.0652037  0.00792096
 0.00220461   0.0168303  0.00792096    0.118272
Initial Q is 1.40625e-05           0   0.0005625           0
          0 1.40625e-05           0   0.0005625
  0.0005625           0      0.0225           0
          0   0.0005625           0      0.0225
Predicted X is   -4.4848
 0.624177
 -4.98759
-0.163354
Predicted P is  0.00456393 0.000418966   0.0106738  0.00260066
0.000418966  0.00681254  0.00166975   0.0233064
  0.0106738  0.00166975   0.0877037  0.00792096
 0.00260066   0.0233064  0.00792096    0.140772
Kalman Gain is -0.0410285  -0.174278 -0.0562416
0.00548768    -1.2169 0.00303334
-0.0562606  -0.457486  -0.484676
0.00259722   -4.19909  0.0464352
x_ =  -4.47775
 0.625257
  -4.9657
-0.158631
P_ =  0.00375522 0.000194431  0.00527211  0.00212736
0.000194431   0.0049799  0.00114858   0.0169811
 0.00527211  0.00114858   0.0449491  0.00905986
 0.00212736   0.0169811  0.00905986    0.118698
Initial X is  -4.47775
 0.625257
  -4.9657
-0.158631
Initial P is  0.00375522 0.000194431  0.00527211  0.00212736
0.000194431   0.0049799  0.00114858   0.0169811
 0.00527211  0.00114858   0.0449491  0.00905986
 0.00212736   0.0169811  0.00905986    0.118698
Initial Q is 1.40625e-05           0   0.0005625           0
          0 1.40625e-05           0   0.0005625
  0.0005625           0      0.0225           0
          0   0.0005625           0      0.0225
Predicted X is  -4.72604
 0.617325
  -4.9657
-0.158631
Predicted P is  0.00440886 0.000380878  0.00808207  0.00258035
0.000380878  0.00698881  0.00160157   0.0234785
 0.00808207  0.00160157   0.0674491  0.00905986
 0.00258035   0.0234785  0.00905986    0.141198
x_ = -4.72297
0.680009
-4.95197
0.051848
P_ = 0.00368306 0.00024304  0.0067418 0.00190436
0.00024304 0.00532933 0.00113492  0.0178895
 0.0067418 0.00113492  0.0649467 0.00710241
0.00190436  0.0178895 0.00710241   0.122312
Initial X is -4.72297
0.680009
-4.95197
0.051848
Initial P is 0.00368306 0.00024304  0.0067418 0.00190436
0.00024304 0.00532933 0.00113492  0.0178895
 0.0067418 0.00113492  0.0649467 0.00710241
0.00190436  0.0178895 0.00710241   0.122312
Initial Q is 1.40625e-05           0   0.0005625           0
          0 1.40625e-05           0   0.0005625
  0.0005625           0      0.0225           0
          0   0.0005625           0      0.0225
Predicted X is -4.97057
0.682601
-4.95197
0.051848
Predicted P is 0.00453367 0.00041276  0.0105516 0.00225948
0.00041276 0.00743813 0.00149004  0.0245677
 0.0105516 0.00149004  0.0874467 0.00710241
0.00225948  0.0245677 0.00710241   0.144812
Kalman Gain is  -0.040868   -0.16637 -0.0557036
 0.0057814   -1.23601 0.00565868
 -0.055732  -0.447347  -0.483671
0.00560437   -4.10561  0.0562197
x_ = -4.94946
0.746491
-4.97428
0.276768
P_ =  0.00374613 0.000243843  0.00524406  0.00202254
0.000243843  0.00560009  0.00131879   0.0184351
 0.00524406  0.00131879   0.0450063  0.00961366
 0.00202254   0.0184351  0.00961366    0.124098
Initial X is -4.94946
0.746491
-4.97428
0.276768
Initial P is  0.00374613 0.000243843  0.00524406  0.00202254
0.000243843  0.00560009  0.00131879   0.0184351
 0.00524406  0.00131879   0.0450063  0.00961366
 0.00202254   0.0184351  0.00961366    0.124098
Initial Q is 1.40625e-05           0   0.0005625           0
          0 1.40625e-05           0   0.0005625
  0.0005625           0      0.0225           0
          0   0.0005625           0      0.0225
Predicted X is -5.19817
0.760329
-4.97428
0.276768
Predicted P is  0.00439711 0.000434944  0.00805688  0.00250323
0.000434944  0.00776791  0.00179948   0.0252025
 0.00805688  0.00179948   0.0675063  0.00961366
 0.00250323   0.0252025  0.00961366    0.146598
x_ =  -5.2134
0.747422
-5.00366
0.231268
P_ =   0.0036739 0.000270527  0.00671968  0.00179147
0.000270527  0.00577048   0.0012411   0.0187088
 0.00671968   0.0012411   0.0650008  0.00747589
 0.00179147   0.0187088  0.00747589    0.125442
Initial X is  -5.2134
0.747422
-5.00366
0.231268
Initial P is   0.0036739 0.000270527  0.00671968  0.00179147
0.000270527  0.00577048   0.0012411   0.0187088
 0.00671968   0.0012411   0.0650008  0.00747589
 0.00179147   0.0187088  0.00747589    0.125442
Initial Q is 1.40625e-05           0   0.0005625           0
          0 1.40625e-05           0   0.0005625
  0.0005625           0      0.0225           0
          0   0.0005625           0      0.0225
Predicted X is -5.46358
0.758985
-5.00366
0.231268
Predicted P is  0.00452243 0.000440846   0.0105322  0.00216526
0.000440846  0.00796903   0.0016149   0.0255434
  0.0105322   0.0016149   0.0875008  0.00747589
 0.00216526   0.0255434  0.00747589    0.147942
Kalman Gain is -0.0407414   -0.16382 -0.0554869
 0.0061192   -1.23923 0.00694823
-0.0554558  -0.462863  -0.483119
0.00744782   -3.98939  0.0615172
x_ = -5.47885
0.727303
-5.11308
0.137265
P_ =  0.00374375 0.000301015  0.00525973  0.00206117
0.000301015  0.00616937  0.00158926   0.0197089
 0.00525973  0.00158926   0.0451819   0.0106309
 0.00206117   0.0197089   0.0106309    0.128753
Initial X is -5.47885
0.727303
-5.11308
0.137265
Initial P is  0.00374375 0.000301015  0.00525973  0.00206117
0.000301015  0.00616937  0.00158926   0.0197089
 0.00525973  0.00158926   0.0451819   0.0106309
 0.00206117   0.0197089   0.0106309    0.128753
Initial Q is 1.40625e-05           0   0.0005625           0
          0 1.40625e-05           0   0.0005625
  0.0005625           0      0.0225           0
          0   0.0005625           0      0.0225
Predicted X is  -5.7345
0.734166
-5.11308
0.137265
Predicted P is  0.00439674 0.000510113  0.00808132  0.00259272
0.000510113  0.00847621   0.0021208   0.0267091
 0.00808132   0.0021208   0.0676819   0.0106309
 0.00259272   0.0267091   0.0106309    0.151253
x_ = -5.70211
0.823413
-5.04154
0.424584
P_ =  0.00367214 0.000310056  0.00673317  0.00180151
0.000310056  0.00615171  0.00142959   0.0193709
 0.00673317  0.00142959   0.0651288  0.00815803
 0.00180151   0.0193709  0.00815803    0.128051
Initial X is -5.70211
0.823413
-5.04154
0.424584
Initial P is  0.00367214 0.000310056  0.00673317  0.00180151
0.000310056  0.00615171  0.00142959   0.0193709
 0.00673317  0.00142959   0.0651288  0.00815803
 0.00180151   0.0193709  0.00815803    0.128051
Initial Q is 1.40625e-05           0   0.0005625           0
          0 1.40625e-05           0   0.0005625
  0.0005625           0      0.0225           0
          0   0.0005625           0      0.0225
Predicted X is -5.95419
0.844643
-5.04154
0.424584
Predicted P is  0.00452234 0.000492006   0.0105521  0.00220941
0.000492006  0.00842298   0.0018375   0.0263359
  0.0105521   0.0018375   0.0876288  0.00815803
 0.00220941   0.0263359  0.00815803    0.150551
Kalman Gain is -0.0406553  -0.165158 -0.0553471
0.00634762   -1.23229 0.00795984
-0.0553263  -0.486639  -0.482533
 0.0083017   -3.86671  0.0662584
x_ = -5.93194
0.913763
-4.78051
0.614876
P_ =  0.00374826 0.000371137  0.00529995  0.00219964
0.000371137   0.0066838  0.00190843   0.0208257
 0.00529995  0.00190843   0.0454099   0.0118031
 0.00219964   0.0208257   0.0118031    0.132791
Initial X is -5.93194
0.913763
-4.78051
0.614876
Initial P is  0.00374826 0.000371137  0.00529995  0.00219964
0.000371137   0.0066838  0.00190843   0.0208257
 0.00529995  0.00190843   0.0454099   0.0118031
 0.00219964   0.0208257   0.0118031    0.132791
Initial Q is 1.40625e-05           0   0.0005625           0
          0 1.40625e-05           0   0.0005625
  0.0005625           0      0.0225           0
          0   0.0005625           0      0.0225
Predicted X is -6.17097
0.944507
-4.78051
0.614876
Predicted P is  0.00440584 0.000606048  0.00813294  0.00278979
0.000606048  0.00911241  0.00249859   0.0280278
 0.00813294  0.00249859   0.0679099   0.0118031
 0.00278979   0.0280278   0.0118031    0.155291
x_ = -6.12487
0.932277
-4.69825
0.587208
P_ =  0.00367625 0.000360874  0.00676403  0.00188444
0.000360874   0.0064788  0.00164868   0.0199125
 0.00676403  0.00164868   0.0652818  0.00891068
 0.00188444   0.0199125  0.00891068    0.130253
Initial X is -6.12487
0.932277
-4.69825
0.587208
Initial P is  0.00367625 0.000360874  0.00676403  0.00188444
0.000360874   0.0064788  0.00164868   0.0199125
 0.00676403  0.00164868   0.0652818  0.00891068
 0.00188444   0.0199125  0.00891068    0.130253
Initial Q is 1.40625e-05           0   0.0005625           0
          0 1.40625e-05           0   0.0005625
  0.0005625           0      0.0225           0
          0   0.0005625           0      0.0225
Predicted X is -6.35978
0.961638
-4.69825
0.587208
Predicted P is  0.00452992 0.000559807   0.0105906  0.00232997
0.000559807  0.00880975  0.00209422   0.0269877
  0.0105906  0.00209422   0.0877818  0.00891068
 0.00232997   0.0269877  0.00891068    0.152753
Kalman Gain is -0.0405464  -0.174226  -0.055134
0.00685038   -1.22623 0.00949898
-0.0551434  -0.527909  -0.481268
0.00952705   -3.76772  0.0751155
x_ = -6.37644
0.973675
-4.97191
0.657473
P_ =  0.00375895 0.000451662  0.00536402  0.00241306
0.000451662  0.00711085  0.00227966   0.0216939
 0.00536402  0.00227966   0.0457578   0.0132918
 0.00241306   0.0216939   0.0132918    0.135886
Initial X is -6.37644
0.973675
-4.97191
0.657473
Initial P is  0.00375895 0.000451662  0.00536402  0.00241306
0.000451662  0.00711085  0.00227966   0.0216939
 0.00536402  0.00227966   0.0457578   0.0132918
 0.00241306   0.0216939   0.0132918    0.135886
Initial Q is 1.40625e-05           0   0.0005625           0
          0 1.40625e-05           0   0.0005625
  0.0005625           0      0.0225           0
          0   0.0005625           0      0.0225
Predicted X is -6.62504
 1.00655
-4.97191
0.657473
Predicted P is  0.00442381 0.000719527  0.00821441  0.00307765
0.000719527  0.00963402  0.00294425   0.0290507
 0.00821441  0.00294425   0.0682578   0.0132918
 0.00307765   0.0290507   0.0132918    0.158386
x_ =  -6.6483
0.967594
-5.02104
0.535781
P_ = 0.00368568 0.00042128  0.0068137 0.00202958
0.00042128 0.00673623 0.00190897  0.0202956
 0.0068137 0.00190897  0.0655204 0.00989506
0.00202958  0.0202956 0.00989506   0.131904
Initial X is  -6.6483
0.967594
-5.02104
0.535781
Initial P is 0.00368568 0.00042128  0.0068137 0.00202958
0.00042128 0.00673623 0.00190897  0.0202956
 0.0068137 0.00190897  0.0655204 0.00989506
0.00202958  0.0202956 0.00989506   0.131904
Initial Q is 1.40625e-05           0   0.0005625           0
          0 1.40625e-05           0   0.0005625
  0.0005625           0      0.0225           0
          0   0.0005625           0      0.0225
Predicted X is -6.89935
0.994383
-5.02104
0.535781
Predicted P is  0.00454491 0.000642945   0.0106522  0.00252433
0.000642945  0.00910962  0.00240373   0.0274533
  0.0106522  0.00240373   0.0880204  0.00989506
 0.00252433   0.0274533  0.00989506    0.154404
Kalman Gain is -0.0406132  -0.168052 -0.0554704
0.00619173   -1.19967 0.00714013
-0.0553914  -0.502427  -0.482668
0.00775105   -3.62747  0.0651825
x_ = -6.88877
0.994133
-5.01373
0.538899
P_ =  0.00376821 0.000522081  0.00538389  0.00255593
0.000522081  0.00752873  0.00240862    0.022624
 0.00538389  0.00240862   0.0457553   0.0135387
 0.00255593    0.022624   0.0135387    0.139316
Initial X is -6.88877
0.994133
-5.01373
0.538899
Initial P is  0.00376821 0.000522081  0.00538389  0.00255593
0.000522081  0.00752873  0.00240862    0.022624
 0.00538389  0.00240862   0.0457553   0.0135387
 0.00255593    0.022624   0.0135387    0.139316
Initial Q is 1.40625e-05           0   0.0005625           0
          0 1.40625e-05           0   0.0005625
  0.0005625           0      0.0225           0
          0   0.0005625           0      0.0225
Predicted X is -7.13946
 1.02108
-5.01373
0.538899
Predicted P is  0.00443504 0.000804155  0.00823415  0.00323287
0.000804155   0.0101535  0.00308555   0.0301523
 0.00823415  0.00308555   0.0682553   0.0135387
 0.00323287   0.0301523   0.0135387    0.161816
x_ = -7.13005
 1.08766
-4.98594
0.737424
P_ =  0.00369095 0.000463209  0.00681988  0.00208179
0.000463209  0.00698488  0.00195816   0.0207253
 0.00681988  0.00195816    0.065491  0.00993471
 0.00208179   0.0207253  0.00993471    0.133743
Initial X is -7.13005
 1.08766
-4.98594
0.737424
Initial P is  0.00369095 0.000463209  0.00681988  0.00208179
0.000463209  0.00698488  0.00195816   0.0207253
 0.00681988  0.00195816    0.065491  0.00993471
 0.00208179   0.0207253  0.00993471    0.133743
Initial Q is 1.40625e-05           0   0.0005625           0
          0 1.40625e-05           0   0.0005625
  0.0005625           0      0.0225           0
          0   0.0005625           0      0.0225
Predicted X is -7.37935
 1.12453
-4.98594
0.737424
Predicted P is  0.00455073 0.000690043   0.0106569  0.00257853
0.000690043  0.00940583   0.0024549   0.0279749
  0.0106569   0.0024549    0.087991  0.00993471
 0.00257853   0.0279749  0.00993471    0.156243
Kalman Gain is   -0.04053  -0.172939 -0.0551497
0.00664824   -1.17634 0.00938978
-0.0552091  -0.517724  -0.481075
 0.0090095   -3.50742  0.0761236
x_ =  -7.3812
 1.07578
 -4.9287
0.582408
P_ =   0.0037811 0.000599034  0.00543609  0.00274818
0.000599034  0.00790269  0.00268987   0.0234163
 0.00543609  0.00268987   0.0460172   0.0146403
 0.00274818   0.0234163   0.0146403    0.142013
Initial X is  -7.3812
 1.07578
 -4.9287
0.582408
Initial P is   0.0037811 0.000599034  0.00543609  0.00274818
0.000599034  0.00790269  0.00268987   0.0234163
 0.00543609  0.00268987   0.0460172   0.0146403
 0.00274818   0.0234163   0.0146403    0.142013
Initial Q is 1.40625e-05           0   0.0005625           0
          0 1.40625e-05           0   0.0005625
  0.0005625           0      0.0225           0
          0   0.0005625           0      0.0225
Predicted X is -7.62764
  1.1049
 -4.9287
0.582408
Predicted P is  0.00445382 0.000907537  0.00829945  0.00348019
0.000907537   0.0106134  0.00342188   0.0310795
 0.00829945  0.00342188   0.0685172   0.0146403
 0.00348019   0.0310795   0.0146403    0.164513
x_ =   -7.616
 1.12094
-4.90473
0.631322
P_ =  0.00370052 0.000515236   0.0068561  0.00219611
0.000515236  0.00719751  0.00213721   0.0210578
  0.0068561  0.00213721   0.0656632   0.0106277
 0.00219611   0.0210578   0.0106277    0.135086
Initial X is   -7.616
 1.12094
-4.90473
0.631322
Initial P is  0.00370052 0.000515236   0.0068561  0.00219611
0.000515236  0.00719751  0.00213721   0.0210578
  0.0068561  0.00213721   0.0656632   0.0106277
 0.00219611   0.0210578   0.0106277    0.135086
Initial Q is 1.40625e-05           0   0.0005625           0
          0 1.40625e-05           0   0.0005625
  0.0005625           0      0.0225           0
          0   0.0005625           0      0.0225
Predicted X is -7.86123
 1.15251
-4.90473
0.631322
Predicted P is  0.00456435 0.000758471   0.0107018   0.0027275
0.000758471  0.00965507  0.00266859   0.0283746
  0.0107018  0.00266859   0.0881632   0.0106277
  0.0027275   0.0283746   0.0106277    0.157586
Kalman Gain is -0.0406047  -0.167754 -0.0554299
0.00605754   -1.15323 0.00750815
-0.0554218  -0.493147  -0.482268
0.00757104   -3.39846   0.068005
x_ = -7.83243
 1.15654
-4.84207
0.647025
P_ =  0.00378978 0.000656782  0.00544673  0.00285089
0.000656782   0.0082383  0.00276554   0.0241433
 0.00544673  0.00276554   0.0459904    0.014742
 0.00285089   0.0241433    0.014742    0.144579
Initial X is -7.83243
 1.15654
-4.84207
0.647025
Initial P is  0.00378978 0.000656782  0.00544673  0.00285089
0.000656782   0.0082383  0.00276554   0.0241433
 0.00544673  0.00276554   0.0459904    0.014742
 0.00285089   0.0241433    0.014742    0.144579
Initial Q is 1.40625e-05           0   0.0005625           0
          0 1.40625e-05           0   0.0005625
  0.0005625           0      0.0225           0
          0   0.0005625           0      0.0225
Predicted X is -8.07453
 1.18889
-4.84207
0.647025
Predicted P is  0.00446349 0.000974458  0.00830875  0.00358799
0.000974458   0.0110281  0.00350264   0.0319347
 0.00830875  0.00350264   0.0684904    0.014742
 0.00358799   0.0319347    0.014742    0.167079
x_ = -8.06284
 1.18752
-4.82091
 0.64513
P_ = 0.00370487 0.00054626 0.00685558 0.00222187
0.00054626 0.00738487 0.00215129  0.0213661
0.00685558 0.00215129  0.0656239  0.0105954
0.00222187  0.0213661  0.0105954   0.136399
Initial X is -8.06284
 1.18752
-4.82091
 0.64513
Initial P is 0.00370487 0.00054626 0.00685558 0.00222187
0.00054626 0.00738487 0.00215129  0.0213661
0.00685558 0.00215129  0.0656239  0.0105954
0.00222187  0.0213661  0.0105954   0.136399
Initial Q is 1.40625e-05           0   0.0005625           0
          0 1.40625e-05           0   0.0005625
  0.0005625           0      0.0225           0
          0   0.0005625           0      0.0225
Predicted X is -8.30388
 1.21978
-4.82091
 0.64513
Predicted P is  0.00456855 0.000791406   0.0106993  0.00275163
0.000791406  0.00987654  0.00268106   0.0287486
  0.0106993  0.00268106   0.0881239   0.0105954
 0.00275163   0.0287486   0.0105954    0.158899
Kalman Gain is -0.0406002  -0.165215  -0.055374
0.00603735   -1.13069 0.00790601
 -0.055394  -0.478721  -0.481994
 0.0077732   -3.29891  0.0698516
x_ = -8.29615
 1.29598
-4.85723
0.876113
P_ =   0.0037966 0.000703682  0.00545807  0.00292938
0.000703682   0.0085292  0.00285317   0.0247561
 0.00545807  0.00285317    0.046022   0.0150057
 0.00292938   0.0247561   0.0150057    0.146685
Initial X is -8.29615
 1.29598
-4.85723
0.876113
Initial P is   0.0037966 0.000703682  0.00545807  0.00292938
0.000703682   0.0085292  0.00285317   0.0247561
 0.00545807  0.00285317    0.046022   0.0150057
 0.00292938   0.0247561   0.0150057    0.146685
Initial Q is 1.40625e-05           0   0.0005625           0
          0 1.40625e-05           0   0.0005625
  0.0005625           0      0.0225           0
          0   0.0005625           0      0.0225
Predicted X is -8.53901
 1.33979
-4.85723
0.876113
Predicted P is 0.00447152 0.00103032 0.00832167 0.00367967
0.00103032  0.0113856 0.00360345  0.0326528
0.00832167 0.00360345   0.068522  0.0150057
0.00367967  0.0326528  0.0150057   0.169185
x_ = -8.52893
 1.32898
-4.84044
0.846952
P_ =  0.00370838 0.000571377  0.00685861  0.00224399
0.000571377  0.00754264  0.00218415   0.0216132
 0.00685861  0.00218415   0.0656356   0.0107143
 0.00224399   0.0216132   0.0107143    0.137452
Initial X is -8.52893
 1.32898
-4.84044
0.846952
Initial P is  0.00370838 0.000571377  0.00685861  0.00224399
0.000571377  0.00754264  0.00218415   0.0216132
 0.00685861  0.00218415   0.0656356   0.0107143
 0.00224399   0.0216132   0.0107143    0.137452
Initial Q is 1.40625e-05           0   0.0005625           0
          0 1.40625e-05           0   0.0005625
  0.0005625           0      0.0225           0
          0   0.0005625           0      0.0225
Predicted X is -8.77095
 1.37133
-4.84044
0.846952
Predicted P is 0.00457239 0.00081957  0.0107029 0.00277971
0.00081957  0.0100617 0.00271986  0.0290483
 0.0107029 0.00271986  0.0881356  0.0107143
0.00277971  0.0290483  0.0107143   0.159952
Kalman Gain is -0.0404964  -0.168073 -0.0550365
0.00669959    -1.1015  0.0101541
-0.0551446  -0.491893  -0.480385
0.00943892   -3.18537  0.0804436
x_ = -8.73793
 1.35958
-4.49492
0.773212
P_ = 0.00380836 0.00076374 0.00551054 0.00309206
0.00076374 0.00878822 0.00311628   0.025276
0.00551054 0.00311628  0.0463203  0.0161209
0.00309206   0.025276  0.0161209   0.148324
Initial X is -8.73793
 1.35958
-4.49492
0.773212
Initial P is 0.00380836 0.00076374 0.00551054 0.00309206
0.00076374 0.00878822 0.00311628   0.025276
0.00551054 0.00311628  0.0463203  0.0161209
0.00309206   0.025276  0.0161209   0.148324
Initial Q is 1.40625e-05           0   0.0005625           0
          0 1.40625e-05           0   0.0005625
  0.0005625           0      0.0225           0
          0   0.0005625           0      0.0225
Predicted X is -8.96267
 1.39824
-4.49492
0.773212
Predicted P is 0.00448928 0.00111446 0.00838905  0.0038981
0.00111446  0.0117007 0.00392233  0.0332547
0.00838905 0.00392233  0.0688203  0.0161209
 0.0038981  0.0332547  0.0161209   0.170824
x_ = -8.95932
 1.46093
-4.47869
0.950934
