Listening to port 4567
Connected!!!
measurement_type: 0
EKF init: 0.312243
 0.58034
       0
       0
Initial X is 0.312243
 0.58034
       0
       0
Initial P is  10   0   0   0
  0  10   0   0
  0   0 100   0
  0   0   0 100
Initial Q is 1.40625e-05           0   0.0005625           0
          0 1.40625e-05           0   0.0005625
  0.0005625           0      0.0225           0
          0   0.0005625           0      0.0225
Predicted X is 0.312243
 0.58034
       0
       0
Predicted P is   10.25       0 5.00056       0
      0   10.25       0 5.00056
5.00056       0 100.023       0
      0 5.00056       0 100.023
Kalman Gain is    0.469582   -0.580318 0.000211093
   0.872773    0.312231 0.000392341
0.000211088   -0.283113    0.473372
0.000392344    0.152325    0.879817
x_ = 0.783816
0.729615
 2.46422
 4.22527
P_ =    0.0203274    0.0370544  0.000156873 -6.28294e-05
   0.0370544    0.0692607   -6.283e-05  7.39019e-05
 0.000156873   -6.283e-05      75.6964     -40.6789
-6.28294e-05  7.39019e-05     -40.6789      21.9765
Initial X is 0.783816
0.729615
 2.46422
 4.22527
Initial P is    0.0203274    0.0370544  0.000156873 -6.28294e-05
   0.0370544    0.0692607   -6.283e-05  7.39019e-05
 0.000156873   -6.283e-05      75.6964     -40.6789
-6.28294e-05  7.39019e-05     -40.6789      21.9765
Initial Q is 1.40625e-05           0   0.0005625           0
          0 1.40625e-05           0   0.0005625
  0.0005625           0      0.0225           0
          0   0.0005625           0      0.0225
Predicted X is 0.907027
0.940878
 2.46422
 4.22527
Predicted P is   0.209598 -0.0646491    3.78554   -2.03401
-0.0646491   0.124224   -2.03401    1.09946
   3.78554   -2.03401    75.7189   -40.6789
  -2.03401    1.09946   -40.6789     21.999
x_ =  1.16675
0.548457
 9.74976
0.290994
P_ =   0.0200137 -0.00109553    0.319281   -0.171233
-0.00109553   0.0185669   -0.171233   0.0931539
   0.319281   -0.171233     6.52154    -3.44845
  -0.171233   0.0931539    -3.44845     1.96757
Initial X is  1.16675
0.548457
 9.74976
0.290994
Initial P is   0.0200137 -0.00109553    0.319281   -0.171233
-0.00109553   0.0185669   -0.171233   0.0931539
   0.319281   -0.171233     6.52154    -3.44845
  -0.171233   0.0931539    -3.44845     1.96757
Initial Q is 1.40625e-05           0   0.0005625           0
          0 1.40625e-05           0   0.0005625
  0.0005625           0      0.0225           0
          0   0.0005625           0      0.0225
Predicted X is  1.65424
0.563007
 9.74976
0.290994
Predicted P is  0.0682597 -0.0268399   0.645921  -0.343655
-0.0268399  0.0328153  -0.343655   0.192095
  0.645921  -0.343655    6.54404   -3.44845
 -0.343655   0.192095   -3.44845    1.99007
Kalman Gain is 0.0698477  0.626729  0.130888
0.0440849   1.57406 0.0180343
 0.261043 -0.166346   1.04491
-0.266508     2.588 -0.405393
x_ = 1.01384
0.54169
4.52849
2.58677
P_ =  0.00563351  0.00295848   0.0223253   -0.024018
 0.00295848  0.00362182  0.00732189 -0.00387496
  0.0223253  0.00732189    0.136074   -0.109268
  -0.024018 -0.00387496   -0.109268    0.228529
Initial X is 1.01384
0.54169
4.52849
2.58677
Initial P is  0.00563351  0.00295848   0.0223253   -0.024018
 0.00295848  0.00362182  0.00732189 -0.00387496
  0.0223253  0.00732189    0.136074   -0.109268
  -0.024018 -0.00387496   -0.109268    0.228529
Initial Q is 1.40625e-05           0   0.0005625           0
          0 1.40625e-05           0   0.0005625
  0.0005625           0      0.0225           0
          0   0.0005625           0      0.0225
Predicted X is  1.24026
0.671028
 4.52849
 2.58677
Predicted P is 0.00822029 0.00185051  0.0296915 -0.0294814
0.00185051 0.00381971 0.00185851 0.00811399
 0.0296915 0.00185851   0.158574  -0.109268
-0.0294814 0.00811399  -0.109268   0.251029
x_ =  1.34639
0.685693
 4.92492
 2.16614
P_ =  0.00595057  0.00116357   0.0217429   -0.022104
 0.00116357  0.00318356 6.00743e-05  0.00849054
  0.0217429 6.00743e-05    0.129877  -0.0807998
  -0.022104  0.00849054  -0.0807998    0.219005
Initial X is  1.34639
0.685693
 4.92492
 2.16614
Initial P is  0.00595057  0.00116357   0.0217429   -0.022104
 0.00116357  0.00318356 6.00743e-05  0.00849054
  0.0217429 6.00743e-05    0.129877  -0.0807998
  -0.022104  0.00849054  -0.0807998    0.219005
Initial Q is 1.40625e-05           0   0.0005625           0
          0 1.40625e-05           0   0.0005625
  0.0005625           0      0.0225           0
          0   0.0005625           0      0.0225
Predicted X is 1.59264
  0.794
4.92492
2.16614
Predicted P is   0.00846361 -0.000140627    0.0287992    -0.026144
-0.000140627   0.00459419  -0.00397992    0.0200033
   0.0287992  -0.00397992     0.152377   -0.0807998
   -0.026144    0.0200033   -0.0807998     0.241505
Kalman Gain is 0.0594734 -0.781338 0.0650694
0.0238573  0.914318 0.0283954
 0.138853  -3.21809  0.491693
-0.121293   6.37941  0.210088
x_ =  1.70543
0.637271
  5.3614
 1.09403
P_ =  0.00534865  0.00126823   0.0134836  -0.0143283
 0.00126823  0.00226856 0.000962955  0.00427354
  0.0134836 0.000962955   0.0688682  -0.0406359
 -0.0143283  0.00427354  -0.0406359    0.127218
Initial X is  1.70543
0.637271
  5.3614
 1.09403
Initial P is  0.00534865  0.00126823   0.0134836  -0.0143283
 0.00126823  0.00226856 0.000962955  0.00427354
  0.0134836 0.000962955   0.0688682  -0.0406359
 -0.0143283  0.00427354  -0.0406359    0.127218
Initial Q is 1.40625e-05           0   0.0005625           0
          0 1.40625e-05           0   0.0005625
  0.0005625           0      0.0225           0
          0   0.0005625           0      0.0225
Predicted X is   1.9735
0.691972
  5.3614
 1.09403
Predicted P is  0.00688324  0.00049837   0.0174895  -0.0163601
 0.00049837  0.00302802 -0.00106884   0.0111969
  0.0174895 -0.00106884   0.0913682  -0.0406359
 -0.0163601   0.0111969  -0.0406359    0.149718
x_ =  2.02324
0.690077
 5.49207
0.953056
P_ =  0.00526508 0.000336468   0.0134129  -0.0126992
0.000336468  0.00266228 -0.00120391   0.0101167
  0.0134129 -0.00120391    0.080885  -0.0302841
 -0.0126992   0.0101167  -0.0302841    0.135449
Initial X is  2.02324
0.690077
 5.49207
0.953056
Initial P is  0.00526508 0.000336468   0.0134129  -0.0126992
0.000336468  0.00266228 -0.00120391   0.0101167
  0.0134129 -0.00120391    0.080885  -0.0302841
 -0.0126992   0.0101167  -0.0302841    0.135449
Initial Q is 1.40625e-05           0   0.0005625           0
          0 1.40625e-05           0   0.0005625
  0.0005625           0      0.0225           0
          0   0.0005625           0      0.0225
Predicted X is  2.29784
0.737729
 5.49207
0.953056
Predicted P is   0.00682265 -0.000434398    0.0180196   -0.0142134
-0.000434398   0.00402664  -0.00271812    0.0174517
   0.0180196  -0.00271812     0.103385   -0.0302841
  -0.0142134    0.0174517   -0.0302841     0.157949
Kalman Gain is  0.0539147  -0.555335  0.0672772
 0.0115861   0.991057  0.0134713
 0.0935177   -1.63996    0.48664
-0.0739595    5.22321    0.10814
x_ =  2.26513
0.692687
 5.28244
0.747785
P_ =   0.00498877  0.000334817   0.00910257  -0.00980572
 0.000334817   0.00236832 -0.000818702   0.00876716
  0.00910257 -0.000818702    0.0516991   -0.0214775
 -0.00980572   0.00876716   -0.0214775     0.110598
Initial X is  2.26513
0.692687
 5.28244
0.747785
Initial P is   0.00498877  0.000334817   0.00910257  -0.00980572
 0.000334817   0.00236832 -0.000818702   0.00876716
  0.00910257 -0.000818702    0.0516991   -0.0214775
 -0.00980572   0.00876716   -0.0214775     0.110598
Initial Q is 1.40625e-05           0   0.0005625           0
          0 1.40625e-05           0   0.0005625
  0.0005625           0      0.0225           0
          0   0.0005625           0      0.0225
Predicted X is  2.52925
0.730076
 5.28244
0.747785
Predicted P is   0.00604234 -0.000250098      0.01225   -0.0108796
-0.000250098   0.00353559  -0.00189258    0.0148596
     0.01225  -0.00189258    0.0741991   -0.0214775
  -0.0108796    0.0148596   -0.0214775     0.133098
x_ =   2.5564
0.720423
 5.34084
 0.66403
P_ =    0.0047617 -0.000170394   0.00964321   -0.0084646
-0.000170394   0.00305383  -0.00154293    0.0127604
  0.00964321  -0.00154293    0.0688191   -0.0157956
  -0.0084646    0.0127604   -0.0157956     0.120578
Initial X is   2.5564
0.720423
 5.34084
 0.66403
Initial P is    0.0047617 -0.000170394   0.00964321   -0.0084646
-0.000170394   0.00305383  -0.00154293    0.0127604
  0.00964321  -0.00154293    0.0688191   -0.0157956
  -0.0084646    0.0127604   -0.0157956     0.120578
Initial Q is 1.40625e-05           0   0.0005625           0
          0 1.40625e-05           0   0.0005625
  0.0005625           0      0.0225           0
          0   0.0005625           0      0.0225
Predicted X is  2.82344
0.753624
 5.34084
 0.66403
Predicted P is  0.00591213 -0.00071026   0.0136467 -0.00925438
-0.00071026  0.00464537 -0.00233272   0.0193518
  0.0136467 -0.00233272   0.0913191  -0.0157956
-0.00925438   0.0193518  -0.0157956    0.143078
Kalman Gain is   0.049223  -0.476105  0.0595875
0.00760521    1.07434  0.0112609
 0.0713509   -1.15151   0.475167
-0.0380301    4.85201   0.107847
x_ =  2.83905
0.706197
  5.3291
0.436911
P_ =   0.00460315 -6.73681e-05   0.00698539  -0.00659787
-6.73681e-05   0.00290652  -0.00127005    0.0114468
  0.00698539  -0.00127005    0.0474672   -0.0149645
 -0.00659787    0.0114468   -0.0149645     0.106161
Initial X is  2.83905
0.706197
  5.3291
0.436911
Initial P is   0.00460315 -6.73681e-05   0.00698539  -0.00659787
-6.73681e-05   0.00290652  -0.00127005    0.0114468
  0.00698539  -0.00127005    0.0474672   -0.0149645
 -0.00659787    0.0114468   -0.0149645     0.106161
Initial Q is 1.40625e-05           0   0.0005625           0
          0 1.40625e-05           0   0.0005625
  0.0005625           0      0.0225           0
          0   0.0005625           0      0.0225
Predicted X is  3.10551
0.728042
  5.3291
0.436911
Predicted P is   0.00543442 -0.000498175   0.00992126  -0.00734609
-0.000498175   0.00433067  -0.00201827    0.0173173
  0.00992126  -0.00201827    0.0699672   -0.0149645
 -0.00734609    0.0173173   -0.0149645     0.128661
x_ =  3.08875
0.714776
 5.30233
 0.40207
P_ =   0.00437119 -0.000336604   0.00796361  -0.00565986
-0.000336604   0.00362542  -0.00154465    0.0144171
  0.00796361  -0.00154465    0.0663172   -0.0111756
 -0.00565986    0.0144171   -0.0111756     0.115716
Initial X is  3.08875
0.714776
 5.30233
 0.40207
Initial P is   0.00437119 -0.000336604   0.00796361  -0.00565986
-0.000336604   0.00362542  -0.00154465    0.0144171
  0.00796361  -0.00154465    0.0663172   -0.0111756
 -0.00565986    0.0144171   -0.0111756     0.115716
Initial Q is 1.40625e-05           0   0.0005625           0
          0 1.40625e-05           0   0.0005625
  0.0005625           0      0.0225           0
          0   0.0005625           0      0.0225
Predicted X is  3.35386
0.734879
 5.30233
 0.40207
Predicted P is   0.00534741 -0.000724769     0.011842  -0.00621864
-0.000724769   0.00537048  -0.00210343    0.0207654
    0.011842  -0.00210343    0.0888172   -0.0111756
 -0.00621864    0.0207654   -0.0111756     0.138216
Kalman Gain is  0.0462188  -0.371311  0.0567778
 0.0059679    1.14173 0.00859998
  0.061686  -0.850108    0.47808
-0.0179029    4.57577  0.0884893
x_ =   3.38519
 0.643317
  5.33085
0.0227973
P_ =   0.00430887 -0.000230469   0.00598533   -0.0046003
-0.000230469   0.00356126  -0.00137776     0.013467
  0.00598533  -0.00137776    0.0461867   -0.0124137
  -0.0046003     0.013467   -0.0124137     0.108142
Initial X is   3.38519
 0.643317
  5.33085
0.0227973
Initial P is   0.00430887 -0.000230469   0.00598533   -0.0046003
-0.000230469   0.00356126  -0.00137776     0.013467
  0.00598533  -0.00137776    0.0461867   -0.0124137
  -0.0046003     0.013467   -0.0124137     0.108142
Initial Q is 1.40625e-05           0   0.0005625           0
          0 1.40625e-05           0   0.0005625
  0.0005625           0      0.0225           0
          0   0.0005625           0      0.0225
Predicted X is   3.65173
 0.644457
  5.33085
0.0227973
Predicted P is   0.00503694 -0.000560406   0.00885717  -0.00522098
-0.000560406   0.00519238  -0.00199845    0.0194366
  0.00885717  -0.00199845    0.0686867   -0.0124137
 -0.00522098    0.0194366   -0.0124137     0.130642
x_ =   3.7014
0.578191
 5.43019
-0.25194
P_ =   0.00410803 -0.000372196   0.00720698  -0.00394622
-0.000372196   0.00421126  -0.00147789    0.0157123
  0.00720698  -0.00147789    0.0657184  -0.00946472
 -0.00394622    0.0157123  -0.00946472     0.116153
Initial X is   3.7014
0.578191
 5.43019
-0.25194
Initial P is   0.00410803 -0.000372196   0.00720698  -0.00394622
-0.000372196   0.00421126  -0.00147789    0.0157123
  0.00720698  -0.00147789    0.0657184  -0.00946472
 -0.00394622    0.0157123  -0.00946472     0.116153
Initial Q is 1.40625e-05           0   0.0005625           0
          0 1.40625e-05           0   0.0005625
  0.0005625           0      0.0225           0
          0   0.0005625           0      0.0225
Predicted X is  3.97291
0.565594
 5.43019
-0.25194
Predicted P is   0.00500708 -0.000667063    0.0110554  -0.00441946
-0.000667063   0.00608694  -0.00195112    0.0220825
   0.0110554  -0.00195112    0.0882184  -0.00946472
 -0.00441946    0.0220825  -0.00946472     0.138653
Kalman Gain is   0.0446568   -0.239465   0.0569484
 0.00351498     1.18453 0.000830821
  0.0580358   -0.494146      0.4858
 -0.0118563     4.36193   0.0374862
x_ =   3.98342
 0.594274
   5.4778
-0.149147
P_ =   0.00410089 -0.000289777   0.00542262  -0.00327678
-0.000289777   0.00428002  -0.00103071    0.0154462
  0.00542262  -0.00103071    0.0449601  -0.00880198
 -0.00327678    0.0154462  -0.00880198      0.11403
Initial X is   3.98342
 0.594274
   5.4778
-0.149147
Initial P is   0.00410089 -0.000289777   0.00542262  -0.00327678
-0.000289777   0.00428002  -0.00103071    0.0154462
  0.00542262  -0.00103071    0.0449601  -0.00880198
 -0.00327678    0.0154462  -0.00880198      0.11403
Initial Q is 1.40625e-05           0   0.0005625           0
          0 1.40625e-05           0   0.0005625
  0.0005625           0      0.0225           0
          0   0.0005625           0      0.0225
Predicted X is   4.25731
 0.586817
   5.4778
-0.149147
Predicted P is   0.00476961 -0.000527156   0.00823313  -0.00371688
-0.000527156   0.00612378  -0.00147081    0.0217102
  0.00823313  -0.00147081    0.0674601  -0.00880198
 -0.00371688    0.0217102  -0.00880198      0.13653
x_ =  4.26652
0.584262
 5.49384
-0.16172
P_ =   0.00392877 -0.000342021   0.00677317  -0.00273785
-0.000342021   0.00480736   -0.0010314    0.0170151
  0.00677317   -0.0010314    0.0649142  -0.00668789
 -0.00273785    0.0170151  -0.00668789      0.11966
Initial X is  4.26652
0.584262
 5.49384
-0.16172
Initial P is   0.00392877 -0.000342021   0.00677317  -0.00273785
-0.000342021   0.00480736   -0.0010314    0.0170151
  0.00677317   -0.0010314    0.0649142  -0.00668789
 -0.00273785    0.0170151  -0.00668789      0.11966
Initial Q is 1.40625e-05           0   0.0005625           0
          0 1.40625e-05           0   0.0005625
  0.0005625           0      0.0225           0
          0   0.0005625           0      0.0225
Predicted X is  4.54122
0.576176
 5.49384
-0.16172
Predicted P is   0.00478243 -0.000547204    0.0105814  -0.00307225
-0.000547204   0.00682208   -0.0013658    0.0235606
   0.0105814   -0.0013658    0.0874142  -0.00668789
 -0.00307225    0.0235606  -0.00668789      0.14216
Kalman Gain is   0.0432146   -0.191596   0.0556714
 0.00376566     1.21442  0.00314157
  0.0561252   -0.391242     0.48502
-0.00295379     4.22538    0.043891
x_ =    4.52381
  0.602244
    5.3406
-0.0826911
P_ =   0.00395774 -0.000293532   0.00521397  -0.00245483
-0.000293532   0.00500609 -0.000963249    0.0172361
  0.00521397 -0.000963249    0.0447104  -0.00796853
 -0.00245483    0.0172361  -0.00796853     0.119928
Initial X is    4.52381
  0.602244
    5.3406
-0.0826911
Initial P is   0.00395774 -0.000293532   0.00521397  -0.00245483
-0.000293532   0.00500609 -0.000963249    0.0172361
  0.00521397 -0.000963249    0.0447104  -0.00796853
 -0.00245483    0.0172361  -0.00796853     0.119928
Initial Q is 1.40625e-05           0   0.0005625           0
          0 1.40625e-05           0   0.0005625
  0.0005625           0      0.0225           0
          0   0.0005625           0      0.0225
Predicted X is    4.79084
   0.59811
    5.3406
-0.0826911
Predicted P is   0.00460497 -0.000484357   0.00801199  -0.00285326
-0.000484357   0.00704358  -0.00136168     0.023795
  0.00801199  -0.00136168    0.0672104  -0.00796853
 -0.00285326     0.023795  -0.00796853     0.142428
x_ =  4.71219
0.675802
 5.19861
0.199286
P_ =   0.00381714 -0.000306299   0.00663421  -0.00204527
-0.000306299   0.00535928 -0.000928268    0.0180884
  0.00663421 -0.000928268    0.0647918  -0.00614554
 -0.00204527    0.0180884  -0.00614554     0.123039
Initial X is  4.71219
0.675802
 5.19861
0.199286
Initial P is   0.00381714 -0.000306299   0.00663421  -0.00204527
-0.000306299   0.00535928 -0.000928268    0.0180884
  0.00663421 -0.000928268    0.0647918  -0.00614554
 -0.00204527    0.0180884  -0.00614554     0.123039
Initial Q is 1.40625e-05           0   0.0005625           0
          0 1.40625e-05           0   0.0005625
  0.0005625           0      0.0225           0
          0   0.0005625           0      0.0225
Predicted X is  4.97212
0.685766
 5.19861
0.199286
Predicted P is  0.00465661 -0.00047034   0.0104363 -0.00235255
-0.00047034  0.00748978 -0.00123555   0.0248029
  0.0104363 -0.00123555   0.0872918 -0.00614554
-0.00235255   0.0248029 -0.00614554    0.145539
Kalman Gain is  0.0421291  -0.182493  0.0549091
0.00525089    1.24232 0.00761844
 0.0552218  -0.439465    0.48314
0.00493674    4.13189  0.0634103
x_ =  4.96443
0.672019
 5.04612
0.137283
P_ =   0.00386869 -0.000298598   0.00519459  -0.00211002
-0.000298598   0.00562384  -0.00128753    0.0185505
  0.00519459  -0.00128753    0.0449944  -0.00946156
 -0.00211002    0.0185505  -0.00946156     0.124329
Initial X is  4.96443
0.672019
 5.04612
0.137283
Initial P is   0.00386869 -0.000298598   0.00519459  -0.00211002
-0.000298598   0.00562384  -0.00128753    0.0185505
  0.00519459  -0.00128753    0.0449944  -0.00946156
 -0.00211002    0.0185505  -0.00946156     0.124329
Initial Q is 1.40625e-05           0   0.0005625           0
          0 1.40625e-05           0   0.0005625
  0.0005625           0      0.0225           0
          0   0.0005625           0      0.0225
Predicted X is  5.21674
0.678883
 5.04612
0.137283
Predicted P is    0.0045147 -0.000492129   0.00800681  -0.00258309
-0.000492129   0.00780378   -0.0017606    0.0253295
  0.00800681   -0.0017606    0.0674944  -0.00946156
 -0.00258309    0.0253295  -0.00946156     0.146829
x_ =   5.26758
 0.666908
  5.13703
0.0874027
P_ =   0.00375466 -0.000304422   0.00664686  -0.00180934
-0.000304422   0.00578922  -0.00119927    0.0187773
  0.00664686  -0.00119927    0.0650352  -0.00734838
 -0.00180934    0.0187773  -0.00734838     0.125483
Initial X is   5.26758
 0.666908
  5.13703
0.0874027
Initial P is   0.00375466 -0.000304422   0.00664686  -0.00180934
-0.000304422   0.00578922  -0.00119927    0.0187773
  0.00664686  -0.00119927    0.0650352  -0.00734838
 -0.00180934    0.0187773  -0.00734838     0.125483
Initial Q is 1.40625e-05           0   0.0005625           0
          0 1.40625e-05           0   0.0005625
  0.0005625           0      0.0225           0
          0   0.0005625           0      0.0225
Predicted X is   5.52443
 0.671278
  5.13703
0.0874027
Predicted P is   0.00459599 -0.000473223    0.0104611  -0.00217676
-0.000473223   0.00799472  -0.00156669    0.0256139
   0.0104611  -0.00156669    0.0875352  -0.00734838
 -0.00217676    0.0256139  -0.00734838     0.147983
Kalman Gain is  0.0416481  -0.154257  0.0553618
0.00485043     1.2384 0.00466283
 0.0552903  -0.400604   0.484967
0.00508537    3.98227  0.0474297
x_ =  5.52926
0.672243
 5.27227
0.103803
P_ =   0.00381416 -0.000314826   0.00518182  -0.00195155
-0.000314826   0.00620995  -0.00139156     0.019855
  0.00518182  -0.00139156     0.044926  -0.00947656
 -0.00195155     0.019855  -0.00947656     0.129211
Initial X is  5.52926
0.672243
 5.27227
0.103803
Initial P is   0.00381416 -0.000314826   0.00518182  -0.00195155
-0.000314826   0.00620995  -0.00139156     0.019855
  0.00518182  -0.00139156     0.044926  -0.00947656
 -0.00195155     0.019855  -0.00947656     0.129211
Initial Q is 1.40625e-05           0   0.0005625           0
          0 1.40625e-05           0   0.0005625
  0.0005625           0      0.0225           0
          0   0.0005625           0      0.0225
Predicted X is  5.79288
0.677433
 5.27227
0.103803
Predicted P is   0.00445872 -0.000505673   0.00799062  -0.00242537
-0.000505673   0.00853254  -0.00186539     0.026878
  0.00799062  -0.00186539     0.067426  -0.00947656
 -0.00242537     0.026878  -0.00947656     0.151711
x_ =  5.83029
0.682884
 5.33822
 0.11388
P_ =   0.00371554 -0.000306091   0.00664571  -0.00165921
-0.000306091   0.00618149   -0.0012442    0.0194608
  0.00664571   -0.0012442    0.0649627   -0.0072739
 -0.00165921    0.0194608   -0.0072739     0.128285
Initial X is  5.83029
0.682884
 5.33822
 0.11388
Initial P is   0.00371554 -0.000306091   0.00664571  -0.00165921
-0.000306091   0.00618149   -0.0012442    0.0194608
  0.00664571   -0.0012442    0.0649627   -0.0072739
 -0.00165921    0.0194608   -0.0072739     0.128285
Initial Q is 1.40625e-05           0   0.0005625           0
          0 1.40625e-05           0   0.0005625
  0.0005625           0      0.0225           0
          0   0.0005625           0      0.0225
Predicted X is   6.0972
0.688578
 5.33822
 0.11388
Predicted P is   0.00455659 -0.000469446    0.0104563   -0.0020229
-0.000469446   0.00846234  -0.00160789    0.0264375
   0.0104563  -0.00160789    0.0874627   -0.0072739
  -0.0020229    0.0264375   -0.0072739     0.150785
Kalman Gain is  0.0413262  -0.137713   0.055513
0.00470395    1.22473 0.00419758
 0.0553729  -0.368906   0.485226
0.00546442    3.83729  0.0442843
x_ =    6.07016
  0.625454
   5.13127
-0.0953863
P_ =   0.00378121 -0.000338311    0.0051807  -0.00188935
-0.000338311   0.00676821  -0.00146511    0.0211122
   0.0051807  -0.00146511    0.0448493  -0.00941901
 -0.00188935    0.0211122  -0.00941901     0.133872
Initial X is    6.07016
  0.625454
   5.13127
-0.0953863
Initial P is   0.00378121 -0.000338311    0.0051807  -0.00188935
-0.000338311   0.00676821  -0.00146511    0.0211122
   0.0051807  -0.00146511    0.0448493  -0.00941901
 -0.00188935    0.0211122  -0.00941901     0.133872
Initial Q is 1.40625e-05           0   0.0005625           0
          0 1.40625e-05           0   0.0005625
  0.0005625           0      0.0225           0
          0   0.0005625           0      0.0225
Predicted X is    6.32673
  0.620685
   5.13127
-0.0953863
Predicted P is   0.00442546 -0.000529581   0.00798566   -0.0023603
-0.000529581   0.00922818  -0.00193606    0.0283684
  0.00798566  -0.00193606    0.0673493  -0.00941901
  -0.0023603    0.0283684  -0.00941901     0.156372
x_ =  6.32474
0.715831
 5.11752
0.196524
P_ =   0.00369192 -0.000313929   0.00664832  -0.00157721
-0.000313929   0.00653891  -0.00126198    0.0200911
  0.00664832  -0.00126198    0.0648811  -0.00713045
 -0.00157721    0.0200911  -0.00713045     0.130876
Initial X is  6.32474
0.715831
 5.11752
0.196524
Initial P is   0.00369192 -0.000313929   0.00664832  -0.00157721
-0.000313929   0.00653891  -0.00126198    0.0200911
  0.00664832  -0.00126198    0.0648811  -0.00713045
 -0.00157721    0.0200911  -0.00713045     0.130876
Initial Q is 1.40625e-05           0   0.0005625           0
          0 1.40625e-05           0   0.0005625
  0.0005625           0      0.0225           0
          0   0.0005625           0      0.0225
Predicted X is  6.58061
0.725657
 5.11752
0.196524
Predicted P is   0.00453302 -0.000473715    0.0104549  -0.00193373
-0.000473715   0.00888927  -0.00161851    0.0271973
   0.0104549  -0.00161851    0.0873811  -0.00713045
 -0.00193373    0.0271973  -0.00713045     0.153376
Kalman Gain is  0.0411072  -0.130608  0.0555227
0.00476482    1.21617 0.00496927
 0.0554185  -0.360708   0.484898
0.00603036    3.72931  0.0469682
x_ =  6.57512
0.744607
 5.06564
0.250958
P_ =   0.00376266 -0.000368022   0.00519319  -0.00189612
-0.000368022   0.00724985  -0.00158962    0.0221465
  0.00519319  -0.00158962    0.0448545  -0.00969018
 -0.00189612    0.0221465  -0.00969018     0.137636
Initial X is  6.57512
0.744607
 5.06564
0.250958
Initial P is   0.00376266 -0.000368022   0.00519319  -0.00189612
-0.000368022   0.00724985  -0.00158962    0.0221465
  0.00519319  -0.00158962    0.0448545  -0.00969018
 -0.00189612    0.0221465  -0.00969018     0.137636
Initial Q is 1.40625e-05           0   0.0005625           0
          0 1.40625e-05           0   0.0005625
  0.0005625           0      0.0225           0
          0   0.0005625           0      0.0225
Predicted X is   6.8284
0.757154
 5.06564
0.250958
Predicted P is   0.00440818 -0.000566534   0.00799841  -0.00238063
-0.000566534   0.00982266  -0.00207413    0.0295908
  0.00799841  -0.00207413    0.0673545  -0.00969018
 -0.00238063    0.0295908  -0.00969018     0.160136
x_ =  6.82147
 0.74474
 5.05449
0.214738
P_ =   0.00367907 -0.000329883   0.00666015  -0.00155752
-0.000329883   0.00683183  -0.00132708    0.0205711
  0.00666015  -0.00132708    0.0648646  -0.00724019
 -0.00155752    0.0205711  -0.00724019     0.132917
Initial X is  6.82147
 0.74474
 5.05449
0.214738
Initial P is   0.00367907 -0.000329883   0.00666015  -0.00155752
-0.000329883   0.00683183  -0.00132708    0.0205711
  0.00666015  -0.00132708    0.0648646  -0.00724019
 -0.00155752    0.0205711  -0.00724019     0.132917
Initial Q is 1.40625e-05           0   0.0005625           0
          0 1.40625e-05           0   0.0005625
  0.0005625           0      0.0225           0
          0   0.0005625           0      0.0225
Predicted X is  7.07419
0.755477
 5.05449
0.214738
Predicted P is   0.00452131 -0.000492214    0.0104659  -0.00191952
-0.000492214   0.00923529  -0.00168909    0.0277794
   0.0104659  -0.00168909    0.0873646  -0.00724019
 -0.00191952    0.0277794  -0.00724019     0.155417
Kalman Gain is  0.0409876  -0.124122  0.0556118
0.00465065    1.19826 0.00477764
 0.0555001  -0.346954   0.484957
0.00594034    3.61136   0.045877
x_ =  7.06283
0.730434
 4.87899
0.125036
P_ =   0.00375242 -0.000398538   0.00520267  -0.00192386
-0.000398538   0.00767347  -0.00167856    0.0230495
  0.00520267  -0.00167856    0.0448437  -0.00984015
 -0.00192386    0.0230495  -0.00984015     0.140917
Initial X is  7.06283
0.730434
 4.87899
0.125036
Initial P is   0.00375242 -0.000398538   0.00520267  -0.00192386
-0.000398538   0.00767347  -0.00167856    0.0230495
  0.00520267  -0.00167856    0.0448437  -0.00984015
 -0.00192386    0.0230495  -0.00984015     0.140917
Initial Q is 1.40625e-05           0   0.0005625           0
          0 1.40625e-05           0   0.0005625
  0.0005625           0      0.0225           0
          0   0.0005625           0      0.0225
Predicted X is  7.30678
0.736686
 4.87899
0.125036
Predicted P is   0.00439886 -0.000603259   0.00800735  -0.00241587
-0.000603259    0.0103448  -0.00217057    0.0306579
  0.00800735  -0.00217057    0.0673437  -0.00984015
 -0.00241587    0.0306579  -0.00984015     0.163417
x_ =  7.27574
0.808686
 4.81541
0.342278
P_ =   0.00367174 -0.000345818   0.00666728  -0.00155043
-0.000345818   0.00708024  -0.00136447    0.0209734
  0.00666728  -0.00136447    0.0648393  -0.00726508
 -0.00155043    0.0209734  -0.00726508     0.134673
Initial X is  7.27574
0.808686
 4.81541
0.342278
Initial P is   0.00367174 -0.000345818   0.00666728  -0.00155043
-0.000345818   0.00708024  -0.00136447    0.0209734
  0.00666728  -0.00136447    0.0648393  -0.00726508
 -0.00155043    0.0209734  -0.00726508     0.134673
Initial Q is 1.40625e-05           0   0.0005625           0
          0 1.40625e-05           0   0.0005625
  0.0005625           0      0.0225           0
          0   0.0005625           0      0.0225
Predicted X is  7.51651
  0.8258
 4.81541
0.342278
Predicted P is   0.00451463 -0.000509726    0.0104717  -0.00191368
-0.000509726   0.00952832  -0.00172772    0.0282696
   0.0104717  -0.00172772    0.0873393  -0.00726508
 -0.00191368    0.0282696  -0.00726508     0.157173
Kalman Gain is  0.0408787  -0.124166  0.0555208
0.00490642    1.18016 0.00613591
 0.0554737  -0.355492   0.484311
0.00665799    3.50684  0.0519487
x_ =  7.57612
0.822603
 5.15971
0.349905
P_ =   0.00374936 -0.000438184   0.00522698  -0.00201072
-0.000438184   0.00803185  -0.00185962    0.0237887
  0.00522698  -0.00185962    0.0449417   -0.0104788
 -0.00201072    0.0237887   -0.0104788     0.143556
Initial X is  7.57612
0.822603
 5.15971
0.349905
Initial P is   0.00374936 -0.000438184   0.00522698  -0.00201072
-0.000438184   0.00803185  -0.00185962    0.0237887
  0.00522698  -0.00185962    0.0449417   -0.0104788
 -0.00201072    0.0237887   -0.0104788     0.143556
Initial Q is 1.40625e-05           0   0.0005625           0
          0 1.40625e-05           0   0.0005625
  0.0005625           0      0.0225           0
          0   0.0005625           0      0.0225
Predicted X is  7.83411
0.840099
 5.15971
0.349905
Predicted P is   0.00439847 -0.000657897   0.00803656  -0.00253466
-0.000657897    0.0107837  -0.00238356     0.031529
  0.00803656  -0.00238356    0.0674417   -0.0104788
 -0.00253466     0.031529   -0.0104788     0.166056
x_ =  7.83141
 0.80142
 5.15912
0.237525
P_ =   0.00367013 -0.000372198   0.00668624  -0.00159966
-0.000372198   0.00728249  -0.00147914    0.0212822
  0.00668624  -0.00147914    0.0648968  -0.00765285
 -0.00159966    0.0212822  -0.00765285     0.136053
Initial X is  7.83141
 0.80142
 5.15912
0.237525
Initial P is   0.00367013 -0.000372198   0.00668624  -0.00159966
-0.000372198   0.00728249  -0.00147914    0.0212822
  0.00668624  -0.00147914    0.0648968  -0.00765285
 -0.00159966    0.0212822  -0.00765285     0.136053
Initial Q is 1.40625e-05           0   0.0005625           0
          0 1.40625e-05           0   0.0005625
  0.0005625           0      0.0225           0
          0   0.0005625           0      0.0225
Predicted X is  8.08937
0.813296
 5.15912
0.237525
Predicted P is  0.00451505 -0.00054527   0.0104936  -0.0019823
-0.00054527   0.0097649 -0.00186178   0.0286474
  0.0104936 -0.00186178   0.0873968 -0.00765285
 -0.0019823   0.0286474 -0.00765285    0.158553
Kalman Gain is  0.0409017  -0.114245  0.0557813
0.00419335    1.14625 0.00387254
 0.0556735  -0.320176   0.485315
0.00497172     3.3685  0.0416445
x_ =  8.07929
0.818408
 4.97822
0.237888
P_ =   0.00374631 -0.000463508   0.00521984  -0.00202042
-0.000463508   0.00838295  -0.00182979    0.0245689
  0.00521984  -0.00182979    0.0448325    -0.010095
 -0.00202042    0.0245689    -0.010095     0.146355
Initial X is  8.07929
0.818408
 4.97822
0.237888
Initial P is   0.00374631 -0.000463508   0.00521984  -0.00202042
-0.000463508   0.00838295  -0.00182979    0.0245689
  0.00521984  -0.00182979    0.0448325    -0.010095
 -0.00202042    0.0245689    -0.010095     0.146355
Initial Q is 1.40625e-05           0   0.0005625           0
          0 1.40625e-05           0   0.0005625
  0.0005625           0      0.0225           0
          0   0.0005625           0      0.0225
Predicted X is   8.3282
0.830303
 4.97822
0.237888
Predicted P is   0.00439444 -0.000681256   0.00802397  -0.00252517
-0.000681256    0.0112198  -0.00233454    0.0324491
  0.00802397  -0.00233454    0.0673325    -0.010095
 -0.00252517    0.0324491    -0.010095     0.168855
x_ =  8.31495
 0.83499
 4.95378
0.253097
P_ =   0.00366677 -0.000380496   0.00667684   -0.0015649
-0.000380496   0.00747887  -0.00142286    0.0216205
  0.00667684  -0.00142286    0.0648037  -0.00729366
  -0.0015649    0.0216205  -0.00729366     0.137498
Initial X is  8.31495
 0.83499
 4.95378
0.253097
Initial P is   0.00366677 -0.000380496   0.00667684   -0.0015649
-0.000380496   0.00747887  -0.00142286    0.0216205
  0.00667684  -0.00142286    0.0648037  -0.00729366
  -0.0015649    0.0216205  -0.00729366     0.137498
Initial Q is 1.40625e-05           0   0.0005625           0
          0 1.40625e-05           0   0.0005625
  0.0005625           0      0.0225           0
          0   0.0005625           0      0.0225
Predicted X is  8.56264
0.847645
 4.95378
0.253097
Predicted P is   0.00451052 -0.000548118    0.0104795  -0.00192959
-0.000548118   0.00999873  -0.00178754    0.0290579
   0.0104795  -0.00178754    0.0873037  -0.00729366
 -0.00192959    0.0290579  -0.00729366     0.159998
Kalman Gain is  0.0408735  -0.109772  0.0557369
0.00416304     1.1226 0.00449182
 0.0556697  -0.304214   0.485083
0.00520337    3.26688  0.0437721
x_ =  8.58903
0.925145
 5.23554
 0.49805
P_ =   0.00374447 -0.000483556   0.00521798  -0.00202621
-0.000483556   0.00868807  -0.00185082     0.025222
  0.00521798  -0.00185082    0.0448012   -0.0100545
 -0.00202621     0.025222   -0.0100545     0.148605
Initial X is  8.58903
0.925145
 5.23554
 0.49805
Initial P is   0.00374447 -0.000483556   0.00521798  -0.00202621
-0.000483556   0.00868807  -0.00185082     0.025222
  0.00521798  -0.00185082    0.0448012   -0.0100545
 -0.00202621     0.025222   -0.0100545     0.148605
Initial Q is 1.40625e-05           0   0.0005625           0
          0 1.40625e-05           0   0.0005625
  0.0005625           0      0.0225           0
          0   0.0005625           0      0.0225
Predicted X is  8.85081
0.950048
 5.23554
 0.49805
Predicted P is   0.00439233 -0.000702544   0.00802054  -0.00252894
-0.000702544    0.0115958  -0.00235354    0.0332147
  0.00802054  -0.00235354    0.0673012   -0.0100545
 -0.00252894    0.0332147   -0.0100545     0.171105
x_ =  8.83206
0.985327
  5.1983
0.601075
P_ =   0.00366479 -0.000388099   0.00667356  -0.00154411
-0.000388099   0.00764415  -0.00141561    0.0218867
  0.00667356  -0.00141561    0.0647742  -0.00721466
 -0.00154411    0.0218867  -0.00721466     0.138622
Initial X is  8.83206
0.985327
  5.1983
0.601075
Initial P is   0.00366479 -0.000388099   0.00667356  -0.00154411
-0.000388099   0.00764415  -0.00141561    0.0218867
  0.00667356  -0.00141561    0.0647742  -0.00721466
 -0.00154411    0.0218867  -0.00721466     0.138622
Initial Q is 1.40625e-05           0   0.0005625           0
          0 1.40625e-05           0   0.0005625
  0.0005625           0      0.0225           0
          0   0.0005625           0      0.0225
Predicted X is  9.09198
 1.01538
  5.1983
0.601075
Predicted P is   0.00450814 -0.000554122    0.0104748  -0.00190484
-0.000554122    0.0101934  -0.00177634    0.0293803
   0.0104748  -0.00177634    0.0872742  -0.00721466
 -0.00190484    0.0293803  -0.00721466     0.161122
Kalman Gain is  0.0407521   -0.11498  0.0553882
 0.0051611    1.08926 0.00804206
  0.055432  -0.333038   0.483428
0.00763789    3.14179  0.0598551
x_ =   9.1245
 1.02374
 5.24509
0.619702
P_ =   0.00375011 -0.000533784    0.0052624  -0.00218794
-0.000533784   0.00896473  -0.00217147    0.0257849
   0.0052624  -0.00217147    0.0450617   -0.0114304
 -0.00218794    0.0257849   -0.0114304     0.150366
Initial X is   9.1245
 1.02374
 5.24509
0.619702
Initial P is   0.00375011 -0.000533784    0.0052624  -0.00218794
-0.000533784   0.00896473  -0.00217147    0.0257849
   0.0052624  -0.00217147    0.0450617   -0.0114304
 -0.00218794    0.0257849   -0.0114304     0.150366
Initial Q is 1.40625e-05           0   0.0005625           0
          0 1.40625e-05           0   0.0005625
  0.0005625           0      0.0225           0
          0   0.0005625           0      0.0225
Predicted X is  9.38675
 1.05473
 5.24509
0.619702
Predicted P is  0.00440306 -0.00078033  0.00807798 -0.00275946
-0.00078033   0.0119332 -0.00274299   0.0338657
 0.00807798 -0.00274299   0.0675617  -0.0114304
-0.00275946   0.0338657  -0.0114304    0.172866
x_ =   9.3655
 1.05527
 5.20645
0.623907
P_ =   0.00367006 -0.000426727   0.00670833  -0.00166707
-0.000426727   0.00778795  -0.00164035    0.0220914
  0.00670833  -0.00164035    0.0649532  -0.00813867
 -0.00166707    0.0220914  -0.00813867     0.139411
Initial X is   9.3655
 1.05527
 5.20645
0.623907
Initial P is   0.00367006 -0.000426727   0.00670833  -0.00166707
-0.000426727   0.00778795  -0.00164035    0.0220914
  0.00670833  -0.00164035    0.0649532  -0.00813867
 -0.00166707    0.0220914  -0.00813867     0.139411
Initial Q is 1.40625e-05           0   0.0005625           0
          0 1.40625e-05           0   0.0005625
  0.0005625           0      0.0225           0
          0   0.0005625           0      0.0225
Predicted X is  9.62582
 1.08647
 5.20645
0.623907
Predicted P is   0.00451734 -0.000612444    0.0105185    -0.002074
-0.000612444    0.0103597  -0.00204728    0.0296245
   0.0105185  -0.00204728    0.0874532  -0.00813867
   -0.002074    0.0296245  -0.00813867     0.161911
Kalman Gain is   0.040753  -0.115071  0.0554867
0.00501998    1.05792 0.00711438
 0.0555016  -0.336999   0.483704
0.00696823    3.02832   0.056955
x_ =  9.64685
 1.12919
 5.25613
0.744776
P_ =   0.00375714 -0.000585513   0.00529315  -0.00233797
-0.000585513   0.00921571  -0.00235926    0.0263054
  0.00529315  -0.00235926    0.0451868   -0.0121019
 -0.00233797    0.0263054   -0.0121019     0.152047
Initial X is  9.64685
 1.12919
 5.25613
0.744776
Initial P is   0.00375714 -0.000585513   0.00529315  -0.00233797
-0.000585513   0.00921571  -0.00235926    0.0263054
  0.00529315  -0.00235926    0.0451868   -0.0121019
 -0.00233797    0.0263054   -0.0121019     0.152047
Initial Q is 1.40625e-05           0   0.0005625           0
          0 1.40625e-05           0   0.0005625
  0.0005625           0      0.0225           0
          0   0.0005625           0      0.0225
Predicted X is  9.90966
 1.16643
 5.25613
0.744776
Predicted P is   0.00441349 -0.000850629   0.00811499  -0.00294307
-0.000850629    0.0122404  -0.00296435    0.0344702
  0.00811499  -0.00296435    0.0676868   -0.0121019
 -0.00294307    0.0344702   -0.0121019     0.174547
x_ = 9.92659
1.26194
5.27581
1.01079
P_ =   0.00367516 -0.000460932   0.00672876   -0.0017562
-0.000460932   0.00791635  -0.00175514     0.022282
  0.00672876  -0.00175514    0.0650287  -0.00853289
  -0.0017562     0.022282  -0.00853289     0.140181
Initial X is 9.92659
1.26194
5.27581
1.01079
Initial P is   0.00367516 -0.000460932   0.00672876   -0.0017562
-0.000460932   0.00791635  -0.00175514     0.022282
  0.00672876  -0.00175514    0.0650287  -0.00853289
  -0.0017562     0.022282  -0.00853289     0.140181
Initial Q is 1.40625e-05           0   0.0005625           0
          0 1.40625e-05           0   0.0005625
  0.0005625           0      0.0225           0
          0   0.0005625           0      0.0225
Predicted X is 10.1904
1.31248
5.27581
1.01079
Predicted P is   0.00452467 -0.000657831    0.0105427  -0.00218284
-0.000657831    0.0105091  -0.00218178    0.0298536
   0.0105427  -0.00218178    0.0875287  -0.00853289
 -0.00218284    0.0298536  -0.00853289     0.162681
Kalman Gain is  0.0406254  -0.123826  0.0550741
0.00602966    1.02165  0.0105105
 0.0552351  -0.373869    0.48161
0.00906233    2.90339   0.073545
x_ =  10.172
1.34404
5.01797
1.07297
P_ =    0.0037726 -0.000668591   0.00537206  -0.00262066
-0.000668591   0.00943927  -0.00279386    0.0267322
  0.00537206  -0.00279386    0.0456085   -0.0139292
 -0.00262066    0.0267322   -0.0139292     0.153244
Initial X is  10.172
1.34404
5.01797
1.07297
Initial P is    0.0037726 -0.000668591   0.00537206  -0.00262066
-0.000668591   0.00943927  -0.00279386    0.0267322
  0.00537206  -0.00279386    0.0456085   -0.0139292
 -0.00262066    0.0267322   -0.0139292     0.153244
Initial Q is 1.40625e-05           0   0.0005625           0
          0 1.40625e-05           0   0.0005625
  0.0005625           0      0.0225           0
          0   0.0005625           0      0.0225
